4294967278,60
4294967278,63
4294967278,62
4294967278,61
4294967279,89
4294967279,87
4294967279,84
4294967279,83
4294967279,82
4294967279,80
4294967279,79
4294967279,78
4294967279,77
4294967279,76
4294967279,74
4294967279,73
4294967279,72
4294967279,70
4294967278,561
4294967278,560
4294967294,30
4294967294,163
4294967294,946
4294967294,943
4294967294,942
4294967294,926
4294967294,159
4294967294,60
4294967294,177
4294967294,50
4294967294,426
4294967294,180
4294967294,175
4294967294,183
4294967294,12
4294967294,160
4294967294,168
4294967294,162
4294967294,189
4294967294,42
4294967294,76
4294967294,41
4294967294,120
4294967294,417
4294967294,52
4294967294,450
4294967294,423
4294967278,559
4294967278,530
4294967278,529
4294967278,255
4294967278,389
4294967294,11
4294967279,66
4294967279,65
4294967279,64
4294967279,63
4294967279,62
4294967279,59
4294967279,57
4294967279,55
4294967279,54
4294967279,52
4294967279,51
4294967279,49
4294967279,48
4294967279,47
4294967279,46
4294967279,45
4294967279,44
4294967279,41
4294967279,39
4294967279,37
4294967279,35
4294967279,34
4294967279,33
4294967279,32
4294967279,30
4294967279,28
4294967279,27
4294967279,25
4294967279,24
4294967279,22
4294967279,19
4294967279,18
4294967279,16
4294967279,15
4294967279,13
4294967279,11
4294967279,10
4294967279,8
4294967278,527
4294967294,81
4294967294,1416
4294967294,104
4294967294,106
4294967294,166
4294967294,24
4294967294,184
4294967294,384
4294967294,188
4294967294,185
4294967278,253
4294967278,251
4294967278,132
4294967278,131
4294967278,130
4294967278,129
4294967278,128
4294967278,127
4294967278,126
4294967278,125
4294967278,124
4294967278,123
4294967278,122
4294967278,121
4294967278,120
4294967278,118
4294967278,116
4294967278,114
4294967278,111
4294967278,110
4294967278,107
4294967278,106
4294967278,103
4294967278,102
4294967278,99
4294967278,98
4294967278,96
4294967278,95
4294967278,0
4294967278,538
4294967278,92
4294967278,87
4294967278,83
4294967278,79
4294967278,76
4294967278,72
4294967278,71
4294967278,70
4294967278,68
4294967278,67
4294967278,66
4294967278,65
4294967278,64
4294967279,85
4294967279,81
4294967279,71
4294967279,69
4294967279,68
4294967279,67
4294967279,61
4294967279,60
4294967279,58
4294967279,53
4294967279,50
4294967279,43
4294967279,40
4294967279,38
4294967279,347
4294967279,31
4294967279,29
4294967279,26
4294967279,23
4294967279,21
4294967279,20
4294967279,393
4294967279,17
4294967279,14
4294967279,290
4294967279,12
4294967279,278
4294967279,289
4294967279,9
4294967279,392
4294967279,0
4294967279,260
4294967279,297
4294967279,7
4294967279,6
4294967279,257
4294967279,5
4294967279,275
4294967279,4
4294967294,5
4294967278,119
4294967278,247
4294967278,244
4294967278,117
4294967278,243
4294967278,240
4294967278,115
4294967278,239
4294967278,237
4294967294,92
4294967294,90
4294967294,88
4294967294,99
4294967278,113
4294967278,526
4294967278,112
4294967278,235
4294967278,232
240,6
4294967278,109
4294967278,229
4294967278,108
4294967278,227
4294967278,224
241,6
4294967278,105
4294967278,221
4294967278,104
4294967278,219
4294967278,216
238,6
4294967278,101
4294967278,574
4294967278,100
4294967278,525
4294967278,211
239,6
4294967294,972
4294967294,409
4294967294,395
4294967294,1417
4294967294,178
4294967294,407
4294967294,179
4294967294,406
4294967294,411
4294967294,415
4294967294,191
4294967294,467
4294967294,408
4294967294,164
4294967278,97
4294967278,209
4294967278,524
4294967278,208
228,6
4294967294,908
4294967294,186
4294967278,93
4294967294,472
4294967278,205
4294967278,94
4294967278,523
4294967278,572
228,5
4294967278,89
4294967294,1415
4294967294,176
4294967294,190
4294967278,91
4294967278,522
4294967278,203
4294967279,327
4294967278,90
4294967278,304
4294967278,201
4294967294,8
4294967278,521
4294967279,203
236,6
4294967278,84
4294967278,86
4294967278,519
4294967278,199
4294967279,86
4294967279,323
4294967278,85
4294967278,518
4294967278,197
4294967278,397
235,6
4294967279,320
4294967278,80
4294967278,82
4294967278,390
4294967278,195
4294967279,376
4294967278,81
4294967278,384
4294967278,193
4294967278,298
234,6
4294967278,77
4294967278,190
4294967279,193
4294967278,78
4294967278,513
4294967278,552
4294967279,192
227,5
4294967294,6
4294967294,22
4294967279,253
4294967278,73
4294967294,924
4294967294,471
4294967294,470
4294967278,75
4294967278,575
4294967278,188
4294967279,75
4294967278,74
4294967278,551
4294967278,186
4294967278,387
233,6
4294967278,69
4294967278,185
4294967278,184
241,5
241,4
4294967278,183
241,3
241,2
241,1
4294967278,318
4294967278,182
4294967278,181
240,5
4294967278,180
240,4
240,3
240,2
240,1
4294967278,179
4294967279,180
4294967278,178
239,5
4294967279,178
239,4
239,3
239,2
239,1
4294967279,177
238,5
238,4
4294967279,173
238,3
238,2
238,1
4294967279,56
